[2018-08-20 14:54:06][发送][HEX]7E 32 35 30 30 34 36 34 32 45 30 30 32 46 46 46 44 30 36 0D 
(len: 20)
[2018-08-20 14:54:06][接收][Hex] 
7E 32 35 30 30 34 36 30 30 46 30 37 41 30 30 30 31 31 30 30 43 39 30 30 43 38 43 30 43 38 36 
30 43 38 38 30 43 38 38 30 43 38 36 30 43 38 36 30 43 39 33 30 43 38 30 30 43 38 36 30 43 37 
45 30 43 39 31 30 43 38 43 30 43 38 45 30 43 39 32 30 43 37 46 30 36 30 42 43 38 30 42 43 42 
30 42 43 45 30 42 43 46 30 42 45 33 30 42 45 37 46 46 41 38 43 38 39 31 30 31 45 36 30 33 30
39 30 44 30 30 30 42 30 42 42 38 45 32 33 45 0D 
(len: 140)

7E: 
25: 32 35 
00: 30 30
46: 34 36
00: 30 30   // RTN: 00 is ok! 
LEN: 46 30 
37 41

INFO:  
30 30 
30 31 
31 30 
30 43 
39 30 
30 43 
38 43 
30 43 
38 36 
30 43 38 38 30 43 38 38 30 43 38 36 30 43 38 36 30 43 39 33 30 43 38 30 30 43 38 36 30 43 37 
45 30 43 39 31 30 43 38 43 30 43 38 45 30 43 39 32 30 43 37 46 30 36 30 42 43 38 30 42 43 42 
30 42 43 45 30 42 43 46 30 42 45 33 30 42 45 37 46 46 41 38 43 38 39 31 30 31 45 36 30 33 30
39 30 44 30 30 30 42 30 42 42 38

CHK: 45 32 33 45 
0D 